1,249492.863,149874.6079,722.181,A
2,249502.0477,149873.7909,721.989,A
3,249496.3313,149871.1059,722.015,A
4,249484.0083,149872.6461,722.301,A
5,249478.4241,149880.1065,722.038,A
6,249484.3538,149879.0169,721.919,A
7,249472.8057,149879.9956,722.334,A
8,249469.0125,149881.9926,722.236,A
9,249471.8544,149885.0006,722.203,A
10,249467.4318,149885.9939,722.119,A
11,249462.4926,149885.8584,722.145,A
12,249465.272,149890.6244,722.225,A
13,249467.1347,149892.5404,722.204,A
14,249455.3398,149887.9958,722.433,A
15,249457.1102,149890.2396,722.426,A
16,249452.0035,149891.4633,722.44,A
17,249452.2682,149898.4507,722.426,A
18,249450.9344,149896.7503,721.287,P
19,249450.7581,149886.6441,722.622,P
20,249449.8983,149885.0654,722.688,P
21,249451.6686,149882.0355,722.051,P
22,249448.4585,149881.5037,722.194,PT
23,249459.8857,149877.369,722.195,P
24,249473.1855,149869.9403,720.735,P
25,249462.6406,149876.5682,722.3,P
26,249475.8707,149869.4999,722.124,A
27,249481.935,149865.7478,722.197,A
28,249485.4715,149863.5739,721.511,LX
29,249485.7825,149863.4515,721.508,LX
30,249485.6582,149863.0706,721.502,LX
31,249485.3254,149863.1994,721.498,LX
32,249485.5506,149863.0307,721.486,P
33,249487.0884,149862.7895,722.449,P
34,249488.4459,149861.9816,722.413,P
35,249488.8727,149862.048,722.331,A
36,249488.0027,149861.2232,722.493,BL
37,249486.8225,149861.8571,722.514,BL
38,249494.967,149858.49,722.204,A
39,249498.7793,149855.5898,722.236,P
40,249499.1192,149856.1573,722.322,A
41,249500.9832,149855.2279,722.287,A
42,249520.9862,149843.7597,721.512,A
43,249507.1486,149851.5576,722.221,A
44,249489.1236,149866.1082,722.37,CE
45,249492.1453,149864.4132,722.356,CE
46,249495.3939,149862.5901,722.352,CE
47,249498.3379,149860.9396,722.352,CE
48,249501.3897,149859.2299,722.348,CE
49,249504.2464,149857.6283,722.335,CE
50,249507.3507,149855.8897,722.334,CE
51,249509.9393,149854.4273,722.328,CE
52,249512.573,149852.9617,722.32,CE
53,249515.7353,149851.1814,722.311,CE
54,249523.3194,149846.9124,722.22,CE
55,249483.2788,149869.3902,722.419,CE
56,249480.129,149871.1656,722.457,CE
57,249477.1475,149872.8394,722.454,CE
58,249474.0724,149874.567,722.481,CE
59,249470.9001,149876.3479,722.505,CE
60,249468.402,149877.7528,722.531,CE
61,249466.9965,149875.3695,722.565,CD
62,249469.7223,149874.292,722.52,CD
63,249472.4765,149873.1964,722.475,CD
64,249476.1913,149871.1213,722.454,CD
65,249479.2322,149869.4084,722.439,CD
66,249482.307,149867.6874,722.417,CD
67,249488.1373,149864.4145,722.365,CD
68,249491.137,149862.7238,722.351,CD
69,249494.3829,149860.8962,722.352,CD
70,249497.3167,149859.256,722.355,CD
71,249500.3728,149857.5452,722.344,CD
72,249503.3186,149855.8865,722.335,CD
73,249506.3748,149854.1542,722.315,CD
74,249509.0149,149852.6788,722.321,CD
75,249511.6434,149851.2013,722.315,CD
76,249514.7734,149849.4429,722.313,CD
77,249522.7817,149844.9414,722.215,CD
78,249501.2835,149853.6035,722.361,ES
79,249490.916,149859.4335,722.458,ES
80,249482.0636,149864.3825,722.562,ES
81,249475.8503,149867.8607,722.501,ES
82,249498.3046,149885.2904,721.966,SL
83,249498.2965,149885.279,721.771,ES
84,249498.6371,149885.5852,721.568,ES
85,249504.3608,149885.5006,721.595,ES
86,249504.695,149885.1219,721.761,ES
87,249504.67,149885.1602,721.928,SL
88,249494.0789,149888.4545,721.946,A
89,249496.1965,149896.9574,721.916,A
90,249489.2483,149894.3179,722.009,A
91,249487.3553,149885.8623,722.16,P
92,249460.9212,149824.6441,723.055,A
93,249464.6336,149823.0643,723.079,PL
94,249463.0052,149822.7096,723.076,PL
95,249462.9457,149822.7031,723.052,PSE
96,249462.8057,149824.8257,723.058,PSE
97,249462.1426,149827.413,723.075,PSE
98,249461.8312,149828.6362,723.078,PSE
99,249460.41,149828.2457,723.089,PSD
100,249461.3521,149824.5076,723.054,PSD
101,249461.3292,149823.1238,723.057,PSD
102,249456.3346,149827.6552,723.221,SL
103,249456.3607,149827.6769,723.122,ES
104,249455.9871,149827.313,722.952,ES
105,249450.3093,149827.9144,723.208,SL
106,249450.1066,149827.8283,723.117,ES
107,249450.2974,149827.4293,722.955,ES
108,249460.0728,149839.2854,723.119,P
109,249430.4517,149825.0077,723.397,A
110,249437.6257,149828.5056,723.245,A
111,249439.5674,149829.6352,723.274,A
112,249458.3766,149855.9087,723.267,A
113,249459.7426,149848.5081,723.237,A
114,249465.8033,149849.4584,723.159,A
115,249465.4349,149832.4159,723.007,A
116,249469.6411,149839.4954,722.958,A
117,249478.7747,149855.5782,723.04,A
118,249473.5092,149846.3901,723,A
119,249471.8548,149835.9551,723.07,PL
120,249433.3943,149882.6176,723.057,P
121,249443.4752,149874.0457,723.076,P
122,249442.7547,149874.0007,723.195,BL
123,249444.9466,149876.8102,723.074,PL
124,249445.8758,149877.6344,723.057,PL
125,249449.624,149870.6414,722.934,A
126,249448.6817,149866.668,723.115,P
127,249452.2903,149863.5797,722.971,A
128,249458.0136,149864.6808,723.072,BC
129,249457.9914,149864.6458,723.079,BC
130,249466.3262,149865.9149,722.876,BC
131,249465.9912,149866.1098,722.86,BC
132,249449.4689,149866.3818,723.247,BL
133,249446.459,149840.571,723.576,BC
134,249446.0894,149840.7941,723.59,BC
135,249439.9866,149852.9424,723.409,A
136,249447.8898,149866.7773,723.188,PSE
137,249442.4545,149872.4062,723.184,PSE
138,249441.2695,149871.6186,723.207,PSD
139,249446.888,149865.7657,723.221,PSD
140,249438.5301,149876.5463,723.168,PSE
141,249437.3912,149875.6412,723.204,PSD
142,249440.1134,149870.603,723.159,A
143,249434.2003,149878.0339,723.17,A
144,249424.7235,149853.714,723.499,A
145,249432.9561,149855.6067,723.314,A
146,249421.6406,149855.3991,723.512,A
147,249444.1456,149841.1579,723.444,AB
148,249448.6734,149849.2113,723.193,AB
149,249448.939,149849.7335,723.211,AB
150,249450.1003,149852.0317,723.11,P
151,249450.6753,149852.392,723.139,AB
152,249453.7481,149861.8683,722.965,AB
153,249454.1206,149862.0411,722.942,AB
154,249455.4666,149862.2949,722.966,AB
155,249456.3146,149862.8359,722.955,AB
156,249453.9521,149866.0752,722.782,AB
157,249458.7815,149870.376,722.801,PL
158,249458.4479,149869.2796,722.84,PL
159,249439.1235,149880.9539,722.996,BC
160,249439.3399,149881.3557,723.008,BC
161,249438.2495,149881.4598,722.998,BC
162,249438.4765,149881.8318,722.727,BC
163,249431.7871,149884.7888,722.916,PL
164,249433.9602,149885.3313,723.011,BL
165,249447.8812,149877.5354,722.883,BL
166,249447.693,149876.3269,722.909,BL
167,249466.4105,149867.0513,722.648,BC
168,249465.9959,149866.1625,722.669,BC
169,249464.4811,149866.8314,722.665,BC
170,249464.4295,149867.0937,722.665,BC
171,249420.8723,149855.9524,722.44,P
172,249421.5916,149862.502,723.348,QI
173,249422.5548,149861.2088,723.244,A
174,249424.2485,149861.0356,723.281,QI
175,249423.6585,149860.2249,723.249,A
176,249423.9971,149863.4356,723.272,PL
177,249424.0187,149863.9585,723.252,PL
178,249423.8113,149864.5758,723.24,LX
179,249423.6191,149864.2668,723.252,LX
180,249423.9367,149864.0531,723.258,LX
181,249420.3969,149859.1388,722.363,P
182,249418.4137,149867.6722,723.25,BC
183,249419.1651,149868.9559,723.216,BC
184,249418.0267,149867.8919,723.24,BC
185,249418.4847,149868.7254,723.23,BC
186,249418.6974,149869.1249,723.225,BC
187,249416.5372,149868.5808,723.254,BC
188,249416.205,149868.766,723.239,BC
189,249408.7871,149869.6987,723.351,P
190,249429.206,149849.7256,723.378,BC
191,249429.1221,149849.3089,723.393,BC
192,249430.6679,149849.4879,723.386,BC
193,249430.5618,149849.0396,723.387,BC
194,249436.011,149851.6223,723.356,A
195,249441.8659,149847.7888,723.453,A
196,249434.6196,149851.0214,723.325,P
197,249432.2378,149849.5179,723.319,P
198,249444.8928,149850.9197,723.344,P
199,249433.4523,149852.2339,723.361,QI
200,249433.176,149851.3411,723.38,AB
201,249432.9574,149850.8284,723.367,AB
202,249432.4623,149850.2955,723.382,AB
203,249432.3455,149849.8447,723.407,AB
204,249431.9311,149849.3284,723.381,AB
205,249431.489,149848.9587,723.373,AB
206,249431.3292,149848.6351,723.384,AB
207,249430.9461,149847.7862,723.377,AB
208,249430.6103,149847.2744,723.385,AB
209,249415.9805,149852.1111,723.647,QI
210,249419.9194,149853.2163,721.932,QI
211,249430.628,149847.3109,723.403,QI
212,249407.0066,149861.2183,723.561,QI
213,249406.2628,149859.9919,723.572,QI
214,249398.832,149833.8207,723.871,A
215,249415.2582,149851.0153,723.65,QI
216,249414.3411,149849.0983,723.65,QI
217,249412.8329,149846.7275,723.701,QI
218,249411.1955,149842.9953,723.711,AB
219,249402.2175,149830.5436,723.91,PT
220,249410.5973,149841.7671,722.784,P
221,249419.8237,149852.9068,722.259,A
222,249417.3256,149844.8545,722.583,A
223,249417.9438,149844.6948,722.584,A
224,249382.717,149894.0013,722.963,PL
225,249392.4179,149891.6384,723.222,A
226,249400.2655,149880.4838,723.233,P
227,249376.0513,149885.152,722.303,A
228,249363.3208,149892.9045,723.036,A
229,249364.1066,149887.9521,723.162,A
230,249378.0933,149882.622,723.234,BC
231,249377.7212,149882.8536,723.207,BC
232,249377.3273,149881.4039,723.215,BC
233,249376.969,149881.6455,723.235,BC
234,249372.3389,149872.5394,723.205,P
235,249370.6469,149870.4451,723.301,LX
236,249376.748,149871.3322,723.228,A
237,249375.9926,149864.8003,723.298,A
238,249372.7552,149855.2387,723.096,A
239,249366.5056,149858.5493,723.188,A
240,249380.0722,149867.8405,723.155,A
241,249382.0641,149868.3319,723.248,A
242,249384.3148,149860.167,723.205,P
243,249384.3157,149860.1096,723.21,P
244,249384.8186,149860.4729,723.284,BL
245,249384.7667,149848.3285,723.001,A
246,249368.4988,149856.5939,723.342,P
247,249377.8959,149883.2228,723.209,PSE
248,249374.4346,149877.5898,723.239,PSE
249,249372.5962,149877.4633,723.242,PSD
250,249369.992,149874.24,723.267,PSD
251,249368.1832,149871.9266,723.295,PSD
252,249371.4294,149872.647,723.266,PSE
253,249370.7272,149871.3539,723.273,PSE
254,249361.5237,149858.0919,723.539,CA
255,249362.7311,149858.0614,723.479,CA
256,249361.5173,149856.1758,723.447,CA
257,249350.2339,149875.0472,723.346,P
258,249348.1411,149869.1244,723.352,A
259,249352.4693,149866.6573,723.472,CT
260,249353.2971,149866.1214,723.469,CT
261,249354.5708,149865.5343,723.346,A
262,249355.615,149863.7846,723.389,P
263,249365.6246,149863.1401,723.408,PSE
264,249363.4402,149864.4137,723.409,PSD
265,249388.8801,149886.88,723.151,P
266,249400.2694,149880.4936,723.228,P
267,249397.4985,149876.5065,723.199,BL
268,249402.7843,149870.6039,723.229,P
269,249408.9019,149867.3649,723.267,P
270,249407.5684,149866.1125,723.178,A
271,249411.5559,149877.6043,723.264,LX
272,249411.8373,149877.8424,723.264,LX
273,249412.094,149877.8404,723.266,A
274,249386.5426,149890.4463,723.137,QI
275,249385.7675,149889.1481,723.15,QI
276,249386.5137,149890.4432,723.138,QI
277,249386.9294,149891.212,723.124,QI
278,249385.5766,149891.9507,723.086,QI
279,249386.6391,149891.8937,723.143,A
280,249387.6689,149892.5296,723.162,QI
281,249384.541,149886.9997,723.132,QI
282,249381.3761,149888.79,723.146,QI
283,249379.0584,149890.0811,723.136,QI
284,249385.4712,149886.6145,723.157,A
285,249380.3481,149886.5839,723.15,P
286,249374.2296,149892.2095,723.052,P
287,249375.8542,149896.8789,722.98,P
288,249368.3069,149901.9925,722.906,PL
289,249368.9161,149902.175,722.902,PL
290,249369.2811,149902.7797,722.894,PL
291,249395.8226,149887.5947,723.285,LX
292,249398.5508,149886.0441,723.293,LX
293,249382.5284,149893.9739,722.959,PL
294,249382.6038,149894.9159,722.939,PL
295,249382.7721,149895.2088,722.946,PL
296,249393.4666,149903.9814,723.166,A
297,249395.7908,149897.7457,723.238,A
298,249388.8793,149886.8811,723.166,P
299,249396.3548,149888.5615,723.251,LX
300,249435.6879,149960.8024,723.94,P
301,249435.1404,149959.7898,723.948,A
302,249433.3179,149956.5298,723.788,A
303,249431.479,149953.1682,723.615,A
304,249432.0263,149954.3078,723.615,P
305,249432.7325,149965.2872,724.092,LX
306,249433.4346,149964.7086,724.108,LX
307,249432.9575,149964.9872,724.091,LX
308,249435.0337,149949.9578,723.888,P
309,249436.9115,149948.8193,723.818,P
310,249438.9196,149947.8111,723.787,P
311,249438.0387,149951.2189,723.76,P
312,249447.2286,149943.4392,723.724,P
313,249449.4896,149953.2752,723.975,BC
314,249446.6529,149954.0072,723.967,BC
315,249446.8269,149954.4623,723.964,BC
316,249448.1754,149956.3042,723.972,BC
317,249443.2519,149955.525,723.976,BC
318,249444.59,149954.8981,723.986,BC
319,249445.3834,149955.3378,723.952,BC
320,249441.6254,149956.2354,723.964,BC
321,249440.2858,149956.8535,723.962,BC
322,249439.8255,149957.6104,723.969,BC
323,249439.5032,149957.7504,723.968,BC
324,249440.9545,149958.3793,723.982,ME
325,249443.9632,149957.347,723.998,ME
326,249447.9816,149955.8498,723.967,ME
327,249437.6641,149949.8492,723.922,BL
328,249421.0498,149959.3927,723.829,P
329,249427.6678,149953.2149,723.917,A
330,249418.4573,149959.7339,723.942,BC
331,249418.9021,149961.5913,723.967,BC
332,249420.6215,149965.2026,724.057,AB
333,249421.42,149969.6967,724.067,P
334,249427.4878,149967.2208,724.008,A
335,249454.9357,149953.6129,723.771,A
336,249441.9041,149948.9632,723.824,AB
337,249456.0414,149947.0084,723.776,P
338,249427.2235,149952.5717,723.486,CD
339,249427.8761,149953.808,723.569,CD
340,249432.0991,149961.7752,723.978,CD
341,249426.4952,149952.9429,723.501,CD
342,249440.6088,149962.145,723.859,P
343,249459.9685,149948.6955,723.942,BC
344,249460.9373,149948.6206,723.883,BC
345,249431.7188,149945.6204,723.363,PL
346,249431.4263,149945.028,723.354,PL
347,249424.6109,149948.7015,723.383,PL
348,249424.9304,149949.2887,723.375,PL
349,249419.41,149952.3441,723.442,CA
350,249480.845,149912.0797,722.626,A
351,249478.0913,149910.0163,722.269,A
352,249477.8341,149907.3628,722.156,A
353,249484.7623,149906.723,722.385,A
354,249483.2141,149912.8723,722.829,P
355,249481.4394,149909.6429,722.675,P
356,249485.615,149909.701,722.467,A
357,249484.8348,149908.9994,722.385,BC
358,249484.2797,149907.9648,722.392,BC
359,249485.3054,149907.3705,722.398,ME
360,249486.1606,149906.8889,722.399,ME
361,249486.7867,149906.545,722.379,BC
362,249487.1956,149906.3062,722.378,BC
363,249480.9597,149907.9769,722.524,LX
364,249480.6544,149907.4869,722.519,LX
365,249480.3566,149907.0322,722.492,LX
366,249490.1498,149899.1706,722.395,BL
367,249497.859,149891.9334,722.31,A
368,249498.4724,149891.6828,722.253,P
369,249500.0828,149891.9257,722.353,BC
370,249498.662,149890.0003,722.325,BC
371,249482.6928,149903.1302,722.4,BL
372,249478.7446,149902.0457,722.264,BL
373,249478.4966,149903.6868,722.259,BL
374,249480.604,149897.7486,722.44,BL
375,249474.9063,149900.6362,721.937,A
376,249475.94,149896.6165,721.944,A
377,249474.7378,149903.9422,722.365,P
378,249475.9247,149903.443,722.493,BL
379,249479.4153,149907.7817,722.624,BL
380,249476.9087,149893.2169,721.922,PL
381,249477.1011,149893.1056,721.936,PL
382,249477.5802,149906.8961,721.288,PL
383,249483.3179,149888.8735,721.914,PL
384,249504.1719,149877.9487,721.842,PL
385,249503.8109,149878.1454,721.836,PL
386,249503.4757,149877.5605,721.84,PL
387,249470.5891,149912.5021,722.278,A
388,249467.3306,149914.8023,722.59,A
389,249470.0346,149918.0851,722.75,A
390,249465.5093,149920.5271,722.736,A
391,249469.186,149920.8252,722.933,P
392,249464.0232,149906.235,721.825,A
393,249455.7296,149907.6246,722.025,BC
394,249454.6162,149908.1869,722.104,BC
395,249454.8964,149910.7467,722.125,P
396,249456.9904,149910.7158,722.179,A
397,249457.6241,149911.1512,722.129,A
398,249456.5959,149912.0441,722.039,A
399,249457.3014,149912.5538,722.065,A
400,249455.7568,149928.3183,722.909,P
401,249452.6761,149927.9942,722.657,A
402,249475.5979,149916.0505,722.893,QI
403,249474.1359,149913.1886,722.708,CD
404,249473.0026,149911.0882,722.658,CD
405,249471.845,149908.8634,722.597,CD
406,249470.6974,149906.7313,722.528,CD
407,249469.4129,149904.3254,722.406,CD
408,249467.1258,149900.1133,722.129,QI
409,249468.9339,149899.1546,722.109,QI
410,249472.8197,149906.4959,722.522,QI
411,249474.2446,149909.1663,722.5987,QI
412,249474.7506,149910.1206,722.633,CD
413,249475.9287,149912.3369,722.69,CD
414,249477.4198,149915.0673,722.868,QI
415,249474.3357,149905.611,722.492,CD
416,249475.8505,149908.2337,722.52,CD
417,249477.1689,149907.4735,722.471,QI
418,249476.6782,149906.625,722.447,QI
419,249475.6761,149904.8648,722.458,CD
420,249464.3508,149890.9162,721.919,A
421,249462.6724,149886.2393,721.949,A
422,249469.1421,149896.4231,722.038,A
423,249469.3393,149892.6592,721.983,A
424,249480.093,149906.4079,722.405,QI
425,249479.2073,149906.9133,722.404,QI
426,249481.1498,149908.2842,722.561,CD
427,249481.7351,149909.3125,722.635,CD
428,249481.4393,149909.6333,722.691,P
429,249470.486,149902.1103,722.303,CD
430,249471.554,149904.1071,722.444,CD
431,249389.0842,149870.2328,723.187,RN2008
432,249504.186,149885.365,721.636,1
433,249486.095,149867.697,720.973,2
434,249510.399,149903.222,721.629,3
435,249526.530,149872.136,721.61,4
436,249550.485,149871.267,721.884,5
437,249585.085,149848.209,721.642,6
438,249538.541,149788.050,722.018,7
439,249495.596,149825.678,721.212,8
440,249486.095,149867.697,720.973,9

